159
181
181
181
246
246
246
336
336
336
336
314
314
314
416
416
416
591
591
591
605
605
605
364
364
364
165
165
165
229
229
229
289
289
289
289
159
159
159
18
18
18
9
9
9
9
9
9
6
6
6
0
0
0
0
0
0
4
4
4
4
10
10
10
22
22
22
76
76
76
115
115
115
184
184
184
262
262
262
268
268
268
230
230
230
230
188
188
188
168
168
168
192
192
192
188
188
188
217
217
217
213
213
213
249
249
249
286
286
286
286
286
286
286
434
434
434
543
543
543
544
544
544
405
405
405
258
258
258
225
225
225
197
197
197
142
142
142
142
37
37
37
7
7
7
7
7
7
0
0
0
0
0
0
0
0
0
0
0
0
16
16
16
16
38
38
38
69
69
69
125
125
125
181
181
181
249
249
249
282
282
282
246
246
246
240
240
240
240
204
204
204
190
190
190
190
190
190
234
234
234
223
223
223
256
256
256
312
312
312
368
368
368
368
406
406
406
492
492
492
648
648
648
554
554
554
285
285
285
238
238
238
213
213
213
190
190
190
190
71
71
71
54
54
54
31
31
31
3
3
3
0
0
0
0
0
0
0
0
0
6
6
6
6
9
9
9
23
23
23
90
90
90
148
148
148
223
223
223
278
278
278
305
305
305
287
287
287
287
264
264
264
227
227
227
203
203
203
193
193
193
218
218
218
238
238
238
241
241
241
282
282
282
282
337
337
337
434
434
434
589
589
589
666
666
666
440
440
440
194
194
194
200
200
200
261
261
261
144
144
144
144
32
32
32
13
13
13
13
13
13
3
3
3
0
0
0
9
9
9
22
22
22
32
32
32
32
37
37
37
47
47
47
96
96
96
161
161
161
221
221
221
240
240
240
204
204
204
190
190
190
190
242
242
242
243
243
243
185
185
185
147
147
147
217
217
217
262
262
262
291
291
291
323
323
323
323
379
379
379
465
465
465
679
679
679
605
605
605
392
392
392
282
282
282
326
326
326
279
279
279
279
183
183
183
93
93
93
57
57
57
21
21
21
6
6
6
0
0
0
0
0
0
0
0
0
0
3
3
3
18
18
18
53
53
53
127
127
127
216
216
216
298
298
298
319
319
319
288
288
288
288
214
214
214
173
173
173
206
206
206
202
202
202
186
186
186
188
188
188
229
229
229
294
294
294
294
361
361
361
440
440
440
547
547
547
670
670
670
603
603
603
417
417
417
206
206
206
207
207
207
225
225
225
225
181
181
181
79
79
79
31
31
31
12
12
12
6
6
6
3
3
3
6
6
6
24
24
24
24
50
50
50
53
53
53
62
62
62
146
146
146
197
197
197
223
223
223
264
264
264
284
284
284
284
279
279
279
294
294
294
214
214
214
196
196
196
184
184
184
200
200
200
269
269
269
317
317
317
317
371
371
371
453
453
453
667
667
667
633
633
633
403
403
403
228
228
228
239
239
239
223
223
223
223
137
137
137
74
74
74
33
33
33
27
27
27
12
12
12
6
6
6
12
12
12
22
22
22
22
35
35
35
43
43
43
82
82
82
125
125
125
202
202
202
217
217
217
194
194
194
266
266
266
266
292
292
292
280
280
280
259
259
259
271
271
271
272
272
272
254
254
254
280
280
280
329
329
329
329
418
418
418
481
481
481
565
565
565
536
536
536
373
373
373
260
260
260
297
297
297
338
338
338
266
266
266
266
160
160
160
47
47
47
17
17
17
0
0
0
0
0
0
6
6
6
18
18
18
21
21
21
21
38
38
38
78
78
78
127
127
127
194
194
194
221
221
221
194
194
194
194
194
194
265
265
265
265
252
252
252
223
223
223
252
252
252
256
256
256
269
269
269
254
254
254
288
288
288
303
303
303
303
349
349
349
513
513
513
676
676
676
538
538
538
265
265
265
265
265
265
301
301
301
211
211
211
211
112
112
112
75
75
75
50
50
50
24
24
24
6
6
6
13
13
13
16
16
16
16
16
16
16
10
10
10
3
3
3
13
13
13
32
32
32
83
83
83
152
152
152
214
214
214
232
232
232
232
277
277
277
273
273
273
195
195
195
122
122
122
133
133
133
206
206
206
236
236
236
333
333
333
333
383
383
383
442
442
442
634
634
634
671
671
671
535
535
535
315
315
315
253
253
253
222
222
222
198
198
198
198
101
101
101
65
65
65
41
41
41
13
13
13
7
7
7
0
0
0
12
12
12
22
22
22
22
31
31
31
62
62
62
104
104
104
174
174
174
239
239
239
295
295
295
305
305
305
347
347
347
347
287
287
287
230
230
230
184
184
184
206
206
206
225
225
225
273
273
273
332
332
332
378
378
378
378
437
437
437
533
533
533
668
668
668
603
603
603
369
369
369
196
196
196
198
198
198
145
145
145
145
84
84
84
44
44
44
21
21
21
6
6
6
0
0
0
6
6
6
15
15
15
32
32
32
32
35
35
35
43
43
43
95
95
95
207
207
207
297
297
297
301
301
301
271
271
271
211
211
211
211
191
191
191
181
181
181
197
197
197
246
246
246
232
232
232
231
231
231
294
294
294
379
379
379
379
455
455
455
507
507
507
636
636
636
576
576
576
385
385
385
219
219
219
270
270
270
220
220
220
220
139
139
139
82
82
82
34
34
34
28
28
28
15
15
15
6
6
6
0
0
0
9
9
9
18
18
18
18
28
28
28
23
23
23
50
50
50
99
99
99
181
181
181
203
203
203
233
233
233
255
255
255
255
243
243
243
253
253
253
209
209
209
141
141
141
182
182
182
217
217
217
227
227
227
303
303
303
303
360
360
360
444
444
444
642
642
642
738
738
738
441
441
441
147
147
147
158
158
158
230
230
230
230
200
200
200
67
67
67
48
48
48
42
42
42
26
26
26
4
4
4
0
0
0
0
0
0
0
0
0
0
18
18
18
63
63
63
120
120
120
200
200
200
251
251
251
273
273
273
276
276
276
276
287
287
287
294
294
294
249
249
249
198
198
198
150
150
150
199
199
199
314
314
314
393
393
393
393
380
380
380
425
425
425
581
581
581
631
631
631
475
475
475
213
213
213
187
187
187
249
249
249
249
174
174
174
106
106
106
117
117
117
79
79
79
21
21
21
3
3
3
0
0
0
19
19
19
34
34
34
34
37
37
37
70
70
70
144
144
144
198
198
198
272
272
272
294
294
294
304
304
304
268
268
268
268
206
206
206
184
184
184
181
181
181
212
212
212
245
245
245
244
244
244
284
284
284
325
325
325
325
398
398
398
466
466
466
607
607
607
654
654
654
437
437
437
184
184
184
181
181
181
210
210
210
210
175
175
175
89
89
89
40
40
40
18
18
18
9
9
9
0
0
0
0
0
0
6
6
6
6
9
9
9
27
27
27
62
62
62
104
104
104
145
145
145
218
218
218
269
269
269
278
278
278
278
255
255
255
205
205
205
170
170
170
138
138
138
138
138
138
155
155
155
165
165
165
218
218
218
218
305
305
305
397
397
397
617
617
617
682
682
682
491
491
491
263
263
263
216
216
216
282
282
282
282
229
229
229
136
136
136
81
81
81
73
73
73
89
89
89
74
74
74
24
24
24
0
0
0
0
0
0
0
16
16
16
30
30
30
47
47
47
82
82
82
128
128
128
168
168
168
216
216
216
207
207
207
207
201
201
201
170
170
170
156
156
156
144
144
144
108
108
108
130
130
130
223
223
223
325
325
325
325
413
413
413
482
482
482
652
652
652
591
591
591
302
302
302
184
184
184
244
244
244
329
329
329
329
218
218
218
107
107
107
92
92
92
54
54
54
33
33
33
18
18
18
0
0
0
13
13
13
13
19
19
19
19
19
19
29
29
29
78
78
78
119
119
119
198
198
198
229
229
229
257
257
257
257
237
237
237
278
278
278
254
254
254
163
163
163
167
167
167
217
217
217
215
215
215
202
202
202
202
256
256
256
364
364
364
565
565
565
776
776
776
601
601
601
287
287
287
208
208
208
239
239
239
239
224
224
224
128
128
128
91
91
91
69
69
69
34
34
34
7
7
7
4
4
4
0
0
0
0
3
3
3
16
16
16
31
31
31
62
62
62
102
102
102